949
949
949
949
949
3
3
3
3
3
4
4
4
4
4
12
12
12
12
12
298
298
298
298
298
295
295
295
295
295
294
294
294
294
294
132
132
132
132
132
115
115
115
115
115
96
96
96
96
96
316
316
316
316
316
317
317
317
317
317
363
363
363
363
363
369
369
369
369
369
387
387
387
387
387
432
432
432
432
432
436
436
436
436
436
631
631
631
631
631
675
675
675
675
675
762
762
762
762
762
11
11
11
11
11
15
15
15
15
15
25
25
25
25
25
53
53
53
53
53
39
39
39
39
39
403
403
403
403
403
389
389
389
389
389
303
303
303
303
303
218
218
218
218
218
233
233
233
233
233
248
248
248
248
248
272
272
272
272
272
279
279
279
279
279
281
281
281
281
281
291
291
291
291
291
293
293
293
293
293
313
313
313
313
313
256
256
256
256
256
276
276
276
276
276
289
289
289
289
289
298
298
298
298
298
349
349
349
349
349
336
336
336
336
336
365
365
365
365
365
392
392
392
392
392
398
398
398
398
398
152
152
152
152
152
158
158
158
158
158
166
166
166
166
166
175
175
175
175
175
178
178
178
178
178
198
198
198
198
198
318
318
318
318
318
409
409
409
409
409
413
413
413
413
413
416
416
416
416
416
418
418
418
418
418
353
353
353
353
353
355
355
355
355
355
389
389
389
389
389
393
393
393
393
393
396
396
396
396
396
399
399
399
399
399
400
400
400
400
400
422
422
422
422
422
431
431
431
431
431
440
440
440
440
440
454
454
454
454
454
464
464
464
464
464
465
465
465
465
465
474
474
474
474
474
131
131
131
131
131
472
472
472
472
472
475
475
475
475
475
483
483
483
483
483
488
488
488
488
488
490
490
490
490
490
491
491
491
491
491
498
498
498
498
498
499
499
499
499
499
501
501
501
501
501
505
505
505
505
505
508
508
508
508
508
510
510
510
510
510
513
513
513
513
513
516
516
516
516
516
528
528
528
528
528
532
532
532
532
532
540
540
540
540
540
543
543
543
543
543
545
545
545
545
545
547
547
547
547
547
548
548
548
548
548
551
551
551
551
551
556
556
556
556
556
525
525
525
525
525
574
574
574
574
574
576
576
576
576
576
581
581
581
581
581
582
582
582
582
582
589
589
589
589
589
593
593
593
593
593
596
596
596
596
596
598
598
598
598
598
600
600
600
600
600
607
607
607
607
607
617
617
617
617
617
620
620
620
620
620
622
622
622
622
622
638
638
638
638
638
642
642
642
642
642
649
649
649
649
649
653
653
653
653
653
658
658
658
658
658
666
666
666
666
666
674
674
674
674
674
676
676
676
676
676
683
683
683
683
683
685
685
685
685
685
687
687
687
687
687
690
690
690
690
690
699
699
699
699
699
698
698
698
698
698
704
704
704
704
704
705
705
705
705
705
709
709
709
709
709
712
712
712
712
712
714
714
714
714
714
717
717
717
717
717
722
722
722
722
722
727
727
727
727
727
728
728
728
728
728
732
732
732
732
732
737
737
737
737
737
742
742
742
742
742
747
747
747
747
747
749
749
749
749
749
752
752
752
752
752
756
756
756
756
756
758
758
758
758
758
764
764
764
764
764
767
767
767
767
767
769
769
769
769
769
774
774
774
774
774
779
779
779
779
779
781
781
781
781
781
785
785
785
785
785
786
786
786
786
786
788
788
788
788
788
794
794
794
794
794
803
803
803
803
803
808
808
808
808
808
811
811
811
811
811
813
813
813
813
813
815
815
815
815
815
818
818
818
818
818
821
821
821
821
821
829
829
829
829
829
835
835
835
835
835
848
848
848
848
848
849
849
849
849
849
852
852
852
852
852
854
854
854
854
854
856
856
856
856
856
860
860
860
860
860
863
863
863
863
863
864
864
864
864
864
866
866
866
866
866
870
870
870
870
870
872
872
872
872
872
874
874
874
874
874
878
878
878
878
878
881
881
881
881
881
885
885
885
885
885
891
891
891
891
891
913
913
913
913
913
916
916
916
916
916
917
917
917
917
917
930
930
930
930
930
931
931
931
931
931
933
933
933
933
933
934
934
934
934
934
936
936
936
936
936
937
937
937
937
937
939
939
939
939
939
941
941
941
941
941
945
945
945
945
945
948
948
948
948
948
951
951
951
951
951
952
952
952
952
952
954
954
954
954
954
956
956
956
956
956
959
959
959
959
959
965
965
965
965
965
967
967
967
967
967
970
970
970
970
970
975
975
975
975
975
982
982
982
982
982
989
989
989
989
989
1000
1000
1000
1000
1000
