00139
00285
00632
00724
00776
00785
00802
00872
00885
01000
01268
01296
01353
01425
01490
01503
01532
01584
01675
01761
01818
01993
02006
02149
02153
02157
02261
02299
02431
02473
02532
02587
02592
02685
02923
03156
03255
03501
03553
03661
03845
03934
04134
04395
04495
04765
04795
05001
05037
05060
05193
05477
05503
05529
05586
05600
05992
06012
06040
06213
06460
06471
06614
06723
06763
06771
06818
06894
06954
07088
07108
07278
07281
07386
07511
07574
07784
07795
07816
07818
07888
07977
07991
08021
08211
08277
08532
08629
08690
08762
08844
08899
09378
09400
09448
09483
09590
09769
09772
09891
09914
10092
10363
10583
10707
10764
10977
10995
11051
11122
11149
11197
11511
11615
11699
11760
11813
12062
12120
12280
12576
12639
12667
12670
12748
13004
13177
13201
13291
13348
13546
13597
13659
13729
13774
13923
14007
14038
14226
14380
14439
14473
14831
14888
15079
15254
15272
15278
15335
15338
15440
15497
15517
15597
15660
15746
15751
15956
16010
16228
16249
16439
16451
16502
16598
16958
17029
17031
17115
17178
17182
17207
17379
17436
17627
17714
17899
17905
17959
18150
18193
18380
18491
18519
18575
18737
18770
18833
18837
19042
19109
19221
19402
19432
19742
19786
19924
20059
20107
20247
20333
20553
20571
20992
21167
21465
21503
21604
21839
21879
21903
22192
22371
22396
22479
22589
22623
22705
22755
22892
22935
22969
23023
23034
23126
23230
23272
23359
23666
23751
23781
23899
23937
24021
24027
24144
24243
24567
24610
24919
25057
25096
25139
25181
25228
25386
25393
25394
25424
25560
25593
25603
25986
26204
26465
26564
26690
26926
26941
27186
27620
27696
27768
27932
27972
27982
28285
28449
28452
28809
28993
29187
29393
29397
29596
29640
29675
29984
30213
30494
30504
30675
30785
30828
31050
31093
31118
31217
31248
31269
31296
31322
31620
31735
31749
31817
32038
32081
32285
32334
32570
32610
32735
32811
32817
32861
32887
32901
32941
33005
33104
33109
33114
33221
33368
33638
33707
33759
33854
34071
34139
34205
34257
34417
34452
34760
34873
35062
35197
35279
35326
35682
35770
35963
36494
36539
36660
36678
36844
36861
36936
37670
37689
37740
37751
37777
37988
38048
38070
38118
38210
38576
38678
38825
38829
39405
39477
39480
39484
39551
39670
39769
39785
39914
39951
39956
40036
40083
40471
40757
41488
41633
41635
41872
41888
41990
42070
42102
42178
42276
42296
42528
42563
42628
42888
42889
43314
43435
43581
43737
43816
44068
44195
44260
44279
44590
44652
44699
44877
45070
45090
45229
45472
45550
45596
45728
46031
46048
46252
46378
46463
46497
46804
46872
47010
47112
47121
47571
47585
47740
47769
47801
47819
47828
48153
48396
48504
48555
48564
48924
49060
49091
49259
49269
49759
49761
49810
50006
50145
50149
50165
50326
50331
50380
50638
50679
50811
50828
50844
50896
50943
51008
51309
51314
51326
51598
51610
51712
51738
51938
51961
51976
52007
52017
52412
52413
52462
52507
52565
52591
52891
52996
53505
53529
53624
53626
53909
53994
54123
54164
54592
54593
54605
54628
54654
54931
54967
55002
55022
55072
55150
55167
55299
55528
55950
56127
56288
56344
56350
56545